1305031453.359684 0.000000000 0.000000000 0.000000000 0.000000000 0.000000000 0.000000000 1.000000000
1305031453.391690016 -0.001802805 0.001604863 -0.009151951 -0.001920445 0.007995591 0.010555330 0.999910474
1305031453.423682928 0.005634835 0.005194850 -0.016078828 -0.000096762 0.010542444 0.019836413 0.999747634
1305031453.459685087 0.012171257 0.009608243 -0.025961090 0.003843824 0.015859229 0.028730184 0.999453962
1305031453.491698027 0.011425504 0.012110081 -0.037026379 0.007293188 0.023958050 0.037965965 0.998965144
1305031453.523684025 0.010158810 0.018129742 -0.050644707 0.014631063 0.029808145 0.046114940 0.998384118
1305031453.559752941 0.010867677 0.024058955 -0.063332267 0.022249665 0.032650530 0.053036809 0.997810602
1305031453.591639996 0.010511111 0.033894714 -0.079464100 0.030993843 0.035343118 0.057327706 0.997248054
1305031453.627706051 0.002168796 0.039306466 -0.093206681 0.037938863 0.038220685 0.060315307 0.996725559
1305031453.659600019 -0.009150550 0.047956519 -0.109063916 0.046668369 0.036737956 0.056822743 0.996616066
1305031453.691678047 -0.013007347 0.062965482 -0.123177640 0.055753704 0.031220939 0.054468285 0.996468723
1305031453.727652073 -0.024932124 0.072077237 -0.134431094 0.060517982 0.028127350 0.049670987 0.996533632
1305031453.759694099 -0.044567101 0.076415166 -0.146882728 0.064478591 0.023568282 0.041380715 0.996782184
1305031453.791716099 -0.040753350 0.089209475 -0.160184771 0.070379332 0.010044622 0.034237020 0.996881962
1305031453.827773094 -0.049559724 0.095383741 -0.168112963 0.072898880 0.003176015 0.028225621 0.996934772
1305031453.859704971 -0.061821532 0.101314008 -0.175336525 0.074707858 -0.008853823 0.020515559 0.996955097
1305031453.891710043 -0.078338392 0.107257329 -0.188825086 0.073710039 -0.023165476 0.012552364 0.996931612
1305031453.927722931 -0.092110433 0.111474611 -0.197301298 0.070533991 -0.041249391 0.008225439 0.996622205
1305031453.959640980 -0.089706950 0.117939636 -0.203728795 0.068586998 -0.062846571 0.001492813 0.995662570
1305031453.991624117 -0.105880901 0.117882900 -0.213303521 0.065239996 -0.073191479 -0.011167344 0.995119095
1305031454.027662039 -0.117046297 0.123536326 -0.215607569 0.068816811 -0.085602641 -0.020226089 0.993744135
1305031454.059653997 -0.126316145 0.129156351 -0.220796749 0.070167720 -0.097849950 -0.032116819 0.992204785
1305031454.091650963 -0.144945472 0.128425136 -0.219916716 0.069795713 -0.107788041 -0.046235632 0.990642488
1305031454.127701044 -0.160500631 0.129854307 -0.222449288 0.072944619 -0.120384067 -0.059802525 0.988236010
1305031454.159672022 -0.174788147 0.137335405 -0.229057863 0.074293762 -0.134171367 -0.072502092 0.985505939
1305031454.191658020 -0.185936868 0.140510082 -0.229925290 0.072207928 -0.151326507 -0.087485142 0.981953502
1305031454.227670908 -0.199466199 0.131944686 -0.226730824 0.071232080 -0.168254972 -0.104530938 0.977593780
1305031454.259627104 -0.201758519 0.138187334 -0.227279663 0.078372180 -0.183267400 -0.120244719 0.972528696
1305031454.291639090 -0.208016306 0.144920796 -0.230654746 0.077734537 -0.190654933 -0.131978258 0.969633818
1305031454.327698946 -0.227645367 0.138673082 -0.228895560 0.076412775 -0.199003264 -0.147590578 0.965803206
1305031454.359636068 -0.228279561 0.138730332 -0.226806819 0.082491942 -0.213797584 -0.163438901 0.959569395
1305031454.391676903 -0.237891853 0.147054881 -0.230145395 0.084946543 -0.219901070 -0.174918070 0.955945253
1305031454.427464962 -0.249511525 0.149077818 -0.232769862 0.086323887 -0.232215613 -0.191344842 0.949742734
1305031454.459913015 -0.247028053 0.152460560 -0.230288506 0.089340910 -0.244555265 -0.205912217 0.943297982
1305031454.491616964 -0.253252089 0.158911988 -0.231596962 0.091873229 -0.248954996 -0.222244754 0.938183367
1305031454.527699947 -0.257279366 0.170318410 -0.233126998 0.093146078 -0.254710495 -0.237162754 0.932845235
1305031454.559575081 -0.263023257 0.178936854 -0.235231146 0.091098614 -0.259928048 -0.250411451 0.928133965
1305031454.591634989 -0.271441698 0.186320871 -0.238116995 0.089083299 -0.269194365 -0.268226862 0.920680702
1305031454.627579927 -0.273577064 0.193611458 -0.238287568 0.088062376 -0.282245636 -0.280835032 0.913079500
1305031454.659528017 -0.272777587 0.204728127 -0.242676556 0.082879588 -0.293910235 -0.287268549 0.907868147
1305031454.691884041 -0.272799671 0.207404569 -0.241137668 0.075108618 -0.309149235 -0.294813514 0.901038587
1305031454.727658987 -0.264748514 0.207743049 -0.238015607 0.069743738 -0.324887097 -0.298905224 0.894561291
1305031454.759732008 -0.257426262 0.216065034 -0.243533045 0.064984128 -0.330042928 -0.295751154 0.894080579
1305031454.791640997 -0.253230125 0.220437214 -0.238814995 0.059089445 -0.334341884 -0.287974834 0.895429790
1305031454.827569962 -0.244766131 0.229226500 -0.235766187 0.054935087 -0.336839885 -0.281224757 0.896902323
1305031454.859620094 -0.239926860 0.234627306 -0.233862251 0.048250534 -0.334527761 -0.273863465 0.900423169
1305031454.891763926 -0.236825690 0.242673948 -0.234261394 0.044519506 -0.329493284 -0.266871929 0.904561520
1305031454.927567005 -0.235290170 0.252529830 -0.237907678 0.041035082 -0.322600693 -0.260903418 0.908941329
1305031454.959647894 -0.236163586 0.261418879 -0.242563114 0.037562989 -0.316250712 -0.254933029 0.913008034
1305031454.991936922 -0.241464287 0.270157278 -0.249088049 0.034730081 -0.311527342 -0.249751553 0.916170657
1305031455.027798891 -0.241698578 0.282575011 -0.253110021 0.035183735 -0.310475737 -0.246637478 0.917353213
1305031455.059636116 -0.246061817 0.290959120 -0.254147023 0.033440787 -0.307596177 -0.244084671 0.919069648
1305031455.091700077 -0.251411676 0.301921844 -0.258505493 0.036512528 -0.303561896 -0.242986739 0.920583785
1305031455.127695084 -0.256561816 0.311688572 -0.267492890 0.038006961 -0.297389567 -0.242628127 0.922630250
1305031455.159719944 -0.266030431 0.320750862 -0.274047256 0.036492679 -0.291737825 -0.238673434 0.925522745
1305031455.191654921 -0.276189536 0.330257148 -0.277686477 0.032939628 -0.287647665 -0.233091131 0.928354681
1305031455.227581024 -0.285615504 0.337302893 -0.283029109 0.032173421 -0.283865422 -0.227227464 0.930995703
1305031455.259630919 -0.291371822 0.348446786 -0.289640605 0.030202702 -0.278735489 -0.221732482 0.933932066
1305031455.291831017 -0.305738151 0.353475571 -0.294049859 0.020732481 -0.271947265 -0.212930769 0.938229918
1305031455.327765942 -0.316634834 0.362158239 -0.302684218 0.015412162 -0.268065155 -0.202785194 0.941690922
1305031455.359630108 -0.323089868 0.368216515 -0.307058752 0.005343902 -0.266237110 -0.196625650 0.943624735
1305031455.391664982 -0.336429298 0.371754676 -0.308548152 -0.005716038 -0.258525312 -0.188820705 0.947353601
1305031455.427642107 -0.350283980 0.377766609 -0.315766811 -0.012781175 -0.250515103 -0.178777680 0.951376557
1305031455.459589005 -0.364911824 0.378064990 -0.323737770 -0.018813493 -0.245798200 -0.170580968 0.954008102
1305031455.491636992 -0.376664639 0.383502513 -0.331406474 -0.023091638 -0.241765037 -0.160125032 0.956753075
1305031455.527610064 -0.394425869 0.382210314 -0.340743601 -0.029402072 -0.236731753 -0.147074208 0.959928513
1305031455.559669018 -0.413133085 0.382918835 -0.354659647 -0.032299507 -0.234717116 -0.134317949 0.962197125
1305031455.591645002 -0.426265895 0.390724897 -0.364092052 -0.033883650 -0.235639840 -0.119445972 0.963876784
1305031455.627616882 -0.440821290 0.386070848 -0.371775776 -0.041184895 -0.233751878 -0.105781764 0.965646982
1305031455.659615040 -0.459108770 0.383234948 -0.385572612 -0.038610000 -0.229487851 -0.100278050 0.967361867
1305031455.691605091 -0.473807931 0.386082530 -0.397262454 -0.033748150 -0.227835611 -0.102285109 0.967724025
1305031455.727627993 -0.488340974 0.383956552 -0.408812135 -0.031562589 -0.224018469 -0.107244983 0.968151867
1305031455.759682894 -0.503286481 0.383354604 -0.421559453 -0.029629543 -0.217621058 -0.110186294 0.969341040
1305031455.791666031 -0.520926893 0.373858660 -0.434947044 -0.029617582 -0.210978061 -0.109741800 0.970859289
1305031455.827589989 -0.536860228 0.373174936 -0.452487379 -0.026126560 -0.205920413 -0.109419748 0.972081006
1305031455.859525919 -0.549264431 0.368033499 -0.465027392 -0.026460977 -0.203766271 -0.110676371 0.972383618
1305031455.891657114 -0.560481250 0.364855856 -0.477077365 -0.026297227 -0.200556025 -0.110621303 0.973061502
1305031455.927954912 -0.571627140 0.358468652 -0.487381399 -0.027757658 -0.196829841 -0.111732982 0.973654628
1305031455.959716082 -0.582803905 0.359344572 -0.500016332 -0.025887288 -0.192128703 -0.113742918 0.974412143
1305031455.991693974 -0.592655897 0.356331378 -0.509262741 -0.027992686 -0.187124923 -0.116318941 0.975023389
1305031456.027770042 -0.600065172 0.363697737 -0.520578861 -0.029499771 -0.180634275 -0.119925357 0.975765824
1305031456.059712887 -0.615793049 0.351299852 -0.526175499 -0.041777715 -0.173914775 -0.129132420 0.975363076
1305031456.091706991 -0.629521608 0.340854913 -0.529484391 -0.048840895 -0.168990791 -0.134602502 0.975160897
1305031456.127645016 -0.642424941 0.333516210 -0.534715354 -0.051063046 -0.163667157 -0.136032969 0.975756466
1305031456.159730911 -0.650526643 0.324569046 -0.530196369 -0.052901380 -0.160203397 -0.135823578 0.976262391
1305031456.191658020 -0.660961032 0.312469095 -0.532794952 -0.050012339 -0.151957795 -0.133429334 0.978061497
1305031456.227678061 -0.671041965 0.324494272 -0.544069827 -0.041296799 -0.139383450 -0.130987003 0.980667770
1305031456.291675091 -0.683175445 0.292501330 -0.533742130 -0.049298480 -0.123344883 -0.122600719 0.983526707
1305031456.327718019 -0.708599567 0.296995610 -0.537182331 -0.040221371 -0.105416350 -0.116413444 0.986771226
1305031456.391618967 -0.711053610 0.283009529 -0.522698283 -0.040403567 -0.091164269 -0.104711987 0.989490807
1305031456.427661896 -0.753478169 0.295848489 -0.532529950 -0.027282229 -0.065531313 -0.100976899 0.992353261
1305031456.491677046 -0.790035546 0.312395394 -0.522743225 -0.029140308 -0.058859494 -0.089332625 0.993834019
1305031456.527641058 -0.801418424 0.309157372 -0.517646372 -0.037646569 -0.057308331 -0.084207125 0.994086325
